0 0.1578125 0.98046875 0.065625 0.028125
0 0.0515625 0.90859375 0.06875 0.04375
0 0.10078125 0.84140625 0.0453125 0.01875
0 0.121875 0.77890625 0.0453125 0.0171875
0 0.096875 0.7609375 0.05 0.021875
0 0.06875 0.7453125 0.04375 0.03125
0 0.271875 0.78984375 0.0453125 0.015625
0 0.3171875 0.75234375 0.0359375 0.01875
0 0.26640625 0.746875 0.040625 0.01875
0 0.1640625 0.71875 0.059375 0.028125
0 0.321875 0.871875 0.0703125 0.0265625
0 0.28359375 0.840625 0.05625 0.04375
0 0.3390625 0.83046875 0.040625 0.01875
0 0.365625 0.81171875 0.04375 0.015625
0 0.4859375 0.7671875 0.034375 0.040625
0 0.5953125 0.79140625 0.040625 0.01875
0 0.56328125 0.77421875 0.0328125 0.021875
0 0.44375 0.715625 0.034375 0.015625
0 0.42734375 0.94609375 0.0375 0.0328125
0 0.62734375 0.93671875 0.0421875 0.021875
0 0.5125 0.96328125 0.053125 0.0328125
0 0.0453125 0.61953125 0.05625 0.0359375
0 0.18046875 0.57265625 0.065625 0.046875
0 0.22578125 0.471875 0.0421875 0.034375
0 0.2734375 0.49765625 0.05625 0.0375
0 0.31875 0.5265625 0.078125 0.040625
0 0.33125 0.5 0.0546875 0.021875
0 0.346875 0.43671875 0.05625 0.05
0 0.40078125 0.4609375 0.05625 0.0328125
0 0.4109375 0.50546875 0.0765625 0.034375
0 0.51484375 0.55859375 0.04375 0.05
0 0.8578125 0.771875 0.03125 0.025
0 0.57265625 0.98203125 0.0421875 0.028125
0 0.56015625 0.95625 0.028125 0.0234375
0 0.51484375 0.98828125 0.0359375 0.015625
0 0.6640625 0.321875 0.0546875 0.0453125
0 0.796875 0.38671875 0.053125 0.0453125
0 0.83046875 0.409375 0.05625 0.04375
0 0.81875 0.934375 0.04375 0.0375
0 0.734375 0.99296875 0.046875 0.0140625
0 0.78515625 0.978125 0.0375 0.021875
0 0.93671875 0.9703125 0.0296875 0.025
0 0.9875 0.8375 0.0234375 0.01875
0 0.9703125 0.8234375 0.025 0.0203125
0 0.98671875 0.74296875 0.0265625 0.025
0 0.9890625 0.71171875 0.021875 0.0171875
0 0.2703125 0.23359375 0.15 0.065625
0 0.17578125 0.29453125 0.0515625 0.034375
0 0.45625 0.03671875 0.071875 0.0421875
0 0.496875 0.0578125 0.028125 0.025
0 0.44609375 0.065625 0.0375 0.01875
0 0.759375 0.1390625 0.06875 0.040625
0 0.85859375 0.1203125 0.065625 0.040625
0 0.8078125 0.178125 0.046875 0.0234375
0 0.5609375 0.1671875 0.0359375 0.0390625
0 0.5578125 0.1359375 0.046875 0.0265625
0 0.58984375 0.10390625 0.03125 0.0203125
0 0.6578125 0.0296875 0.071875 0.059375
0 0.58515625 0.0390625 0.05 0.0296875
0 0.0375 0.90859375 0.0578125 0.03125
0 0.1484375 0.98203125 0.046875 0.03125
0 0.271875 0.790625 0.03125 0.021875
0 0.3640625 0.81328125 0.028125 0.0171875
0 0.09453125 0.75859375 0.0375 0.0203125
0 0.5140625 0.98671875 0.0296875 0.0171875
0 0.16171875 0.7203125 0.034375 0.0203125
0 0.2625 0.75078125 0.03125 0.0171875
0 0.31328125 0.75234375 0.028125 0.0171875
0 0.5953125 0.7875 0.0265625 0.0140625
0 0.06953125 0.74375 0.03125 0.015625
0 0.10546875 0.77734375 0.028125 0.015625
0 0.5578125 0.15625 0.04375 0.059375
0 0.3171875 0.51953125 0.065625 0.04375
0 0.78828125 0.5953125 0.0265625 0.015625
0 0.7578125 0.77578125 0.0296875 0.01875
0 0.76015625 0.88203125 0.03125 0.01875
0 0.90703125 0.865625 0.03125 0.021875
0 0.48046875 0.4484375 0.065625 0.046875
0 0.77421875 0.53359375 0.04375 0.0375
0 0.921875 0.20546875 0.0421875 0.034375
0 0.4421875 0.225 0.053125 0.0375
0 0.58125 0.5078125 0.05 0.040625
0 0.79921875 0.33125 0.05625 0.0359375
0 0.7421875 0.71015625 0.034375 0.021875
0 0.49453125 0.10390625 0.040625 0.0453125
0 0.53125 0.346875 0.05 0.0359375
0 0.8296875 0.03984375 0.0296875 0.0203125
0 0.87421875 0.3453125 0.0375 0.0234375
0 0.89375 0.2703125 0.040625 0.04375
0 0.63515625 0.15703125 0.04375 0.025
0 0.96796875 0.5203125 0.04375 0.040625
0 0.24375 0.05234375 0.040625 0.028125
0 0.65625 0.2328125 0.028125 0.0171875
0 0.834375 0.215625 0.034375 0.025
0 0.2921875 0.2359375 0.05625 0.040625
0 0.0390625 0.05546875 0.0375 0.021875
0 0.78671875 0.28203125 0.040625 0.0328125
0 0.08046875 0.19375 0.05 0.0578125
0 0.8875 0.37578125 0.0375 0.025
0 0.13984375 0.16328125 0.059375 0.0375
0 0.55625 0.39765625 0.0375 0.034375
0 0.43671875 0.096875 0.03125 0.03125
0 0.2203125 0.2484375 0.05 0.028125
0 0.221875 0.0125 0.04375 0.0203125
0 0.91953125 0.1140625 0.05 0.04375
0 0.32421875 0.1828125 0.034375 0.025
0 0.97578125 0.6125 0.04375 0.0421875
0 0.6484375 0.371875 0.034375 0.028125
0 0.31875 0.05625 0.0265625 0.01875
0 0.09140625 0.08203125 0.0515625 0.0328125
0 0.92421875 0.0203125 0.0515625 0.0375
0 0.13828125 0.0375 0.0625 0.059375
0 0.296875 0.1125 0.034375 0.0296875
0 0.63203125 0.51328125 0.046875 0.05
0 0.14375 0.2078125 0.034375 0.021875
0 0.17890625 0.07265625 0.046875 0.05
0 0.2625 0.09921875 0.040625 0.021875
0 0.10234375 0.0125 0.0515625 0.025
0 0.43359375 0.0046875 0.028125 0.009375
0 0.984375 0.06796875 0.03125 0.0328125
0 0.8109375 0.0046875 0.025 0.009375
0 0.03359375 0.4703125 0.0578125 0.0765625
0 0.9921875 0.46015625 0.015625 0.0296875