0 0.18984375 0.8796875 0.03125 0.0203125
0 0.04765625 0.76171875 0.028125 0.01875
0 0.1359375 0.68828125 0.0328125 0.0203125
0 0.31171875 0.78828125 0.028125 0.01875
0 0.3046875 0.94765625 0.0328125 0.021875
0 0.4375 0.80078125 0.0359375 0.021875
0 0.5796875 0.76171875 0.034375 0.021875
0 0.84453125 0.878125 0.0359375 0.021875
0 0.240625 0.9296875 0.034375 0.0234375
0 0.0765625 0.85 0.05625 0.034375
0 0.05234375 0.8265625 0.0390625 0.025
0 0.403125 0.97109375 0.0296875 0.01875
0 0.3640625 0.95 0.0375 0.021875
0 0.86171875 0.75625 0.028125 0.0265625
0 0.8578125 0.72734375 0.034375 0.0203125
0 0.96484375 0.859375 0.028125 0.01875
0 0.79609375 0.6734375 0.0328125 0.015625
0 0.44375 0.021875 0.059375 0.04375
0 0.95703125 0.7125 0.0375 0.0203125
0 0.90859375 0.77421875 0.03125 0.0171875
0 0.2984375 0.24375 0.040625 0.028125
0 0.509375 0.05 0.05 0.03125
0 0.82734375 0.8453125 0.03125 0.01875
0 0.76015625 0.97890625 0.034375 0.028125
0 0.07265625 0.05234375 0.0609375 0.046875
0 0.90078125 0.0671875 0.0671875 0.046875
0 0.0171875 0.825 0.028125 0.01875
0 0.9921875 0.78984375 0.0125 0.0171875
0 0.6265625 0.27265625 0.065625 0.053125
0 0.25234375 0.6234375 0.0515625 0.04375
0 0.05390625 0.95703125 0.053125 0.03125
0 0.22265625 0.7390625 0.0375 0.0328125
0 0.58046875 0.9921875 0.0390625 0.015625
0 0.646875 0.9015625 0.040625 0.025
0 0.98828125 0.6203125 0.0234375 0.0234375
0 0.5765625 0.18203125 0.05 0.028125
0 0.4796875 0.3609375 0.0359375 0.028125
0 0.771875 0.08671875 0.0390625 0.021875
0 0.7921875 0.77578125 0.04375 0.025
0 0.7703125 0.73515625 0.0328125 0.0171875
0 0.55859375 0.5203125 0.05 0.04375
0 0.6078125 0.8984375 0.040625 0.025
0 0.86484375 0.15390625 0.059375 0.0421875
0 0.5546875 0.3515625 0.046875 0.0296875
0 0.6734375 0.584375 0.059375 0.040625
0 0.4890625 0.12734375 0.1625 0.0859375
0 0.37890625 0.12109375 0.034375 0.028125
0 0.946875 0.26640625 0.0375 0.028125
0 0.13359375 0.06640625 0.0375 0.028125
0 0.30703125 0.2953125 0.065625 0.040625
0 0.45546875 0.2109375 0.040625 0.021875
0 0.42890625 0.4 0.040625 0.028125
0 0.12578125 0.41953125 0.0640625 0.0375
0 0.725 0.903125 0.04375 0.034375
0 0.39296875 0.4390625 0.05 0.040625
0 0.9765625 0.38359375 0.0375 0.028125
0 0.14609375 0.2015625 0.0671875 0.034375
0 0.0390625 0.26796875 0.040625 0.03125
0 0.353125 0.17890625 0.0484375 0.04375
0 0.72265625 0.09140625 0.0359375 0.021875
0 0.73359375 0.06171875 0.0265625 0.0171875
0 0.69765625 0.95234375 0.040625 0.0359375
0 0.6625 0.15625 0.03125 0.025
0 0.396875 0.728125 0.040625 0.021875
0 0.6953125 0.0734375 0.0421875 0.025
0 0.6703125 0.128125 0.04375 0.0265625
0 0.49140625 0.42890625 0.0390625 0.028125
0 0.56640625 0.92578125 0.0421875 0.0296875
0 0.65234375 0.240625 0.0375 0.01875
0 0.9765625 0.953125 0.046875 0.0625
0 0.94453125 0.21640625 0.046875 0.034375
0 0.7046875 0.1234375 0.040625 0.025
0 0.27890625 0.52421875 0.053125 0.040625
0 0.26640625 0.0046875 0.0375 0.009375
0 0.371875 0.0109375 0.0328125 0.0171875
0 0.92578125 0.1328125 0.0296875 0.025
0 0.9921875 0.6140625 0.003125 0.00625
0 0.8609375 0.94765625 0.05625 0.034375
0 0.9828125 0.64609375 0.0296875 0.0171875
0 0.9671875 0.06171875 0.0375 0.025
0 0.94453125 0.02578125 0.0453125 0.025
0 0.01875 0.0109375 0.0265625 0.021875
0 0.4734375 0.44921875 0.08125 0.0625
0 0.98515625 0.990625 0.0171875 0.0109375
0 0.6953125 0.21015625 0.06875 0.0453125
0 0.859375 0.44453125 0.0984375 0.090625
0 0.53359375 0.9125 0.0609375 0.0359375
0 0.73125 0.81953125 0.04375 0.028125
0 0.753125 0.65 0.06875 0.040625
0 0.8078125 0.6203125 0.06875 0.04375
0 0.95 0.3375 0.1 0.040625
0 0.8296875 0.28046875 0.05625 0.0375
0 0.05390625 0.46015625 0.09375 0.1125
0 0.18203125 0.16875 0.075 0.034375
0 0.12890625 0.13828125 0.0359375 0.0234375