0 0.7765625 0.8859375 0.01875 0.0328125
0 0.8375 0.615625 0.01875 0.0328125
0 0.75234375 0.8203125 0.01875 0.03125
0 0.59609375 0.83828125 0.0453125 0.046875
0 0.75 0.6296875 0.0203125 0.03125
0 0.81875 0.84140625 0.0171875 0.03125
0 0.60078125 0.58828125 0.015625 0.025
0 0.80546875 0.0140625 0.021875 0.0265625
0 0.77734375 0.7515625 0.015625 0.028125
0 0.87109375 0.3765625 0.01875 0.03125
0 0.98203125 0.3171875 0.025 0.0375
0 0.71328125 0.62734375 0.0234375 0.0328125
0 0.7796875 0.14765625 0.0234375 0.034375
0 0.9 0.32421875 0.021875 0.028125
0 0.8640625 0.07734375 0.0203125 0.03125
0 0.6703125 0.221875 0.015625 0.028125
0 0.2921875 0.80703125 0.0375 0.06875
0 0.43125 0.4234375 0.034375 0.05625
0 0.76953125 0.32421875 0.025 0.040625
0 0.7375 0.15703125 0.0171875 0.025
0 0.58984375 0.12421875 0.0453125 0.046875
0 0.32734375 0.03125 0.0296875 0.040625
0 0.56484375 0.6765625 0.0359375 0.0625
0 0.971875 0.68359375 0.0234375 0.040625
0 0.91953125 0.7703125 0.040625 0.0609375
0 0.18671875 0.21171875 0.021875 0.028125
0 0.0421875 0.07890625 0.0203125 0.028125
0 0.975 0.93203125 0.03125 0.046875
0 0.49921875 0.72421875 0.046875 0.040625
0 0.32265625 0.440625 0.021875 0.046875
0 0.4453125 0.81171875 0.0453125 0.046875
0 0.2265625 0.46015625 0.0375 0.053125
0 0.2375 0.0875 0.021875 0.028125
0 0.24921875 0.2609375 0.05 0.053125
0 0.9765625 0.41953125 0.028125 0.040625
0 0.71875 0.88359375 0.03125 0.046875
0 0.2875 0.67109375 0.0328125 0.059375
0 0.12421875 0.39375 0.0234375 0.0328125
0 0.496875 0.59765625 0.046875 0.046875
0 0.09375 0.08515625 0.021875 0.034375
0 0.12890625 0.70703125 0.03125 0.0828125
0 0.53203125 0.35859375 0.0359375 0.04375
0 0.20859375 0.08046875 0.015625 0.0265625
0 0.0109375 0.7328125 0.021875 0.04375
0 0.3453125 0.08828125 0.0265625 0.03125
0 0.953125 0.5953125 0.03125 0.0375
0 0.06484375 0.49375 0.021875 0.034375
0 0.990625 0.16171875 0.015625 0.0296875
0 0.40546875 0.9078125 0.046875 0.075
0 0.07578125 0.253125 0.03125 0.0546875
0 0.1140625 0.21875 0.0171875 0.025
0 0.58671875 0.271875 0.046875 0.0625
0 0.37265625 0.24921875 0.028125 0.0390625
0 0.165625 0.38828125 0.034375 0.040625
0 0.5421875 0.98046875 0.04375 0.0390625
0 0.3109375 0.52734375 0.034375 0.046875
0 0.78125 0.19296875 0.021875 0.0375
0 0.359375 0.49453125 0.0375 0.0484375
0 0.0734375 0.3359375 0.0375 0.053125
0 0.11796875 0.4671875 0.04375 0.053125
0 0.3703125 0.6984375 0.0359375 0.0421875
0 0.1296875 0.9390625 0.01875 0.0375
0 0.35546875 0.15703125 0.03125 0.0328125
0 0.175 0.8890625 0.05 0.05625
0 0.53125 0.89296875 0.05 0.04375
0 0.83984375 0.1609375 0.05 0.0484375
0 0.50625 0.30078125 0.05 0.0671875
0 0.02421875 0.84296875 0.046875 0.0453125
0 0.19921875 0.2890625 0.0234375 0.034375
0 0.2078125 0.74609375 0.034375 0.040625
0 0.0671875 0.12734375 0.015625 0.025
0 0.284375 0.1875 0.040625 0.046875
0 0.44140625 0.1203125 0.0515625 0.0828125
0 0.96484375 0.73828125 0.04375 0.059375
0 0.221875 0.2171875 0.021875 0.0375
0 0.29765625 0.59609375 0.034375 0.04375
0 0.74140625 0.3859375 0.03125 0.0421875
0 0.01796875 0.41640625 0.034375 0.040625
0 0.03828125 0.33828125 0.01875 0.025
0 0.16796875 0.0484375 0.03125 0.0328125
0 0.11796875 0.12578125 0.0375 0.0328125
0 0.3625 0.790625 0.028125 0.05
0 0.946875 0.73828125 0.01875 0.0375
0 0.0828125 0.38046875 0.034375 0.04375
0 0.0125 0.67109375 0.025 0.05
0 0.9359375 0.52421875 0.034375 0.0625
0 0.009375 0.546875 0.0171875 0.028125
0 0.071875 0.871875 0.0546875 0.115625
0 0.16328125 0.596875 0.0328125 0.040625
0 0.01796875 0.0390625 0.0359375 0.0375
0 0.29921875 0.28984375 0.0375 0.0484375
0 0.98203125 0.5921875 0.0265625 0.0375
0 0.1734375 0.62734375 0.028125 0.03125
0 0.17890625 0.71796875 0.015625 0.0265625
0 0.81484375 0.45703125 0.040625 0.04375
0 0.18828125 0.971875 0.05 0.0546875
0 0.27734375 0.9515625 0.028125 0.0375
0 0.98046875 0.8484375 0.034375 0.0625
0 0.8546875 0.03671875 0.025 0.0546875
0 0.1421875 0.54140625 0.01875 0.040625
0 0.246875 0.9671875 0.040625 0.059375
0 0.0578125 0.42890625 0.0421875 0.05625
0 0.16328125 0.0140625 0.021875 0.028125
0 0.94921875 0.028125 0.0609375 0.05625
0 0.875 0.9859375 0.0375 0.028125
0 0.74453125 0.98515625 0.028125 0.0203125