0 0.8421875 0.01953125 0.065625 0.028125
0 0.9484375 0.09140625 0.06875 0.04375
0 0.89921875 0.15859375 0.0453125 0.01875
0 0.878125 0.22109375 0.0453125 0.015625
0 0.903125 0.2390625 0.05 0.021875
0 0.93125 0.2546875 0.04375 0.03125
0 0.728125 0.21015625 0.0453125 0.015625
0 0.6828125 0.24765625 0.0359375 0.01875
0 0.73359375 0.253125 0.040625 0.01875
0 0.8359375 0.28125 0.059375 0.028125
0 0.678125 0.128125 0.0703125 0.0265625
0 0.71640625 0.159375 0.05625 0.04375
0 0.6609375 0.16953125 0.040625 0.01875
0 0.634375 0.18828125 0.04375 0.015625
0 0.5140625 0.2328125 0.034375 0.040625
0 0.4046875 0.20859375 0.040625 0.01875
0 0.43671875 0.22578125 0.0328125 0.021875
0 0.55625 0.284375 0.034375 0.015625
0 0.57265625 0.05390625 0.0375 0.03125
0 0.37265625 0.06328125 0.0421875 0.021875
0 0.4875 0.03671875 0.053125 0.0328125
0 0.9546875 0.38046875 0.05625 0.0359375
0 0.81953125 0.42734375 0.065625 0.046875
0 0.77421875 0.528125 0.0421875 0.034375
0 0.7265625 0.50234375 0.05625 0.0375
0 0.68125 0.4734375 0.078125 0.040625
0 0.66875 0.5 0.0546875 0.021875
0 0.653125 0.56328125 0.05625 0.05
0 0.59921875 0.5390625 0.05625 0.0328125
0 0.5890625 0.49453125 0.0765625 0.034375
0 0.48515625 0.44140625 0.04375 0.05
0 0.1421875 0.228125 0.03125 0.025
0 0.42734375 0.01796875 0.0421875 0.028125
0 0.43984375 0.04375 0.028125 0.0234375
0 0.48515625 0.01171875 0.0359375 0.015625
0 0.3359375 0.678125 0.0546875 0.0453125
0 0.203125 0.61328125 0.053125 0.0453125
0 0.16953125 0.590625 0.05625 0.04375
0 0.18125 0.065625 0.04375 0.0375
0 0.265625 0.00703125 0.046875 0.0140625
0 0.21484375 0.021875 0.0375 0.021875
0 0.06328125 0.0296875 0.0296875 0.025
0 0.0125 0.1625 0.0234375 0.01875
0 0.0296875 0.1765625 0.025 0.0203125
0 0.01328125 0.25703125 0.0265625 0.025
0 0.0109375 0.28828125 0.021875 0.0171875
0 0.7296875 0.76640625 0.15 0.065625
0 0.82421875 0.70546875 0.0515625 0.034375
0 0.54375 0.96328125 0.071875 0.0421875
0 0.503125 0.9421875 0.028125 0.025
0 0.55390625 0.934375 0.0375 0.01875
0 0.240625 0.8609375 0.06875 0.040625
0 0.14140625 0.8796875 0.065625 0.040625
0 0.1921875 0.821875 0.046875 0.0234375
0 0.4390625 0.8328125 0.0359375 0.0390625
0 0.4421875 0.8640625 0.046875 0.0265625
0 0.41015625 0.89609375 0.03125 0.0203125
0 0.3421875 0.9703125 0.071875 0.059375
0 0.41484375 0.9609375 0.05 0.0296875
0 0.9625 0.09140625 0.0578125 0.03125
0 0.8515625 0.01796875 0.046875 0.03125
0 0.728125 0.209375 0.03125 0.021875
0 0.6359375 0.18671875 0.028125 0.0171875
0 0.90546875 0.24140625 0.0375 0.0203125
0 0.4859375 0.01328125 0.0296875 0.015625
0 0.83828125 0.2796875 0.034375 0.0203125
0 0.7375 0.24921875 0.03125 0.0171875
0 0.68671875 0.24765625 0.028125 0.0171875
0 0.4046875 0.2125 0.0265625 0.0140625
0 0.93046875 0.25625 0.03125 0.015625
0 0.89453125 0.22265625 0.028125 0.015625
0 0.4421875 0.84375 0.04375 0.059375
0 0.6828125 0.48046875 0.065625 0.04375
0 0.21171875 0.4046875 0.0265625 0.015625
0 0.2421875 0.22421875 0.0296875 0.01875
0 0.23984375 0.11796875 0.03125 0.01875
0 0.09296875 0.134375 0.03125 0.021875
0 0.51953125 0.5515625 0.065625 0.046875
0 0.22578125 0.46640625 0.04375 0.0375
0 0.078125 0.79453125 0.0421875 0.034375
0 0.5578125 0.775 0.053125 0.0375
0 0.41875 0.4921875 0.05 0.040625
0 0.20078125 0.66875 0.05625 0.0359375
0 0.2578125 0.28984375 0.034375 0.021875
0 0.50546875 0.89609375 0.040625 0.0453125
0 0.46875 0.653125 0.05 0.0359375
0 0.1703125 0.96015625 0.0296875 0.0203125
0 0.12578125 0.6546875 0.0375 0.0234375
0 0.10625 0.7296875 0.040625 0.04375
0 0.36484375 0.84296875 0.04375 0.025
0 0.03203125 0.4796875 0.04375 0.040625
0 0.75625 0.94765625 0.040625 0.028125
0 0.34375 0.7671875 0.028125 0.0171875
0 0.165625 0.784375 0.034375 0.025
0 0.7078125 0.7640625 0.05625 0.040625
0 0.9609375 0.94453125 0.0375 0.0234375
0 0.21328125 0.71796875 0.040625 0.0328125
0 0.91953125 0.80625 0.05 0.0578125
0 0.1125 0.62421875 0.0375 0.025
0 0.86015625 0.83671875 0.059375 0.0375
0 0.44375 0.60234375 0.0375 0.034375
0 0.56328125 0.903125 0.03125 0.03125
0 0.7796875 0.7515625 0.05 0.028125
0 0.778125 0.9875 0.04375 0.0203125
0 0.08046875 0.8859375 0.05 0.04375
0 0.67578125 0.8171875 0.034375 0.0265625
0 0.02421875 0.3875 0.04375 0.0421875
0 0.3515625 0.628125 0.034375 0.028125
0 0.68125 0.94375 0.0265625 0.01875
0 0.90859375 0.91796875 0.0515625 0.0328125
0 0.07578125 0.9796875 0.0515625 0.0390625
0 0.86171875 0.9625 0.0625 0.059375
0 0.703125 0.8875 0.034375 0.0296875
0 0.36796875 0.48671875 0.046875 0.05
0 0.85625 0.7921875 0.034375 0.021875
0 0.82109375 0.92734375 0.046875 0.05
0 0.7375 0.90078125 0.040625 0.0203125
0 0.89765625 0.9875 0.0515625 0.025
0 0.56640625 0.9953125 0.028125 0.009375
0 0.015625 0.93203125 0.03125 0.0328125
0 0.1890625 0.9953125 0.025 0.009375
0 0.96640625 0.5296875 0.0578125 0.0765625
0 0.0078125 0.53984375 0.015625 0.0296875