0 0.1203125 0.18984375 0.0203125 0.03203125
0 0.23828125 0.04765625 0.01953125 0.02734375
0 0.31171875 0.1359375 0.0203125 0.0328125
0 0.21171875 0.31171875 0.01875 0.02890625
0 0.05234375 0.3046875 0.02109375 0.0328125
0 0.19921875 0.4375 0.021875 0.0359375
0 0.23828125 0.5796875 0.02265625 0.034375
0 0.121875 0.84453125 0.02109375 0.0359375
0 0.0703125 0.240625 0.0234375 0.03359375
0 0.15 0.0765625 0.03515625 0.05546875
0 0.1734375 0.05234375 0.025 0.0390625
0 0.02890625 0.403125 0.01875 0.0296875
0 0.05 0.3640625 0.02265625 0.03828125
0 0.24375 0.86171875 0.0265625 0.028125
0 0.27265625 0.8578125 0.0203125 0.03515625
0 0.140625 0.96484375 0.01796875 0.02734375
0 0.3265625 0.79609375 0.01640625 0.0328125
0 0.978125 0.44375 0.04296875 0.05859375
0 0.2875 0.95703125 0.0203125 0.03671875
0 0.22578125 0.90859375 0.0171875 0.03203125
0 0.75625 0.2984375 0.02734375 0.04140625
0 0.95 0.509375 0.03046875 0.04921875
0 0.1546875 0.82734375 0.01953125 0.03046875
0 0.02109375 0.76015625 0.02734375 0.03515625
0 0.94765625 0.07265625 0.046875 0.0609375
0 0.9328125 0.90078125 0.04765625 0.0671875
0 0.175 0.0171875 0.01953125 0.02734375
0 0.21015625 0.9921875 0.0171875 0.01328125
0 0.72734375 0.6265625 0.05390625 0.06484375
0 0.3765625 0.25234375 0.04375 0.0515625
0 0.04296875 0.05390625 0.03046875 0.05390625
0 0.2609375 0.22265625 0.0328125 0.03671875
0 0.0078125 0.58046875 0.015625 0.0390625
0 0.0984375 0.646875 0.02578125 0.040625
0 0.3796875 0.98828125 0.0234375 0.0234375
0 0.81796875 0.5765625 0.02734375 0.05078125
0 0.6390625 0.4796875 0.02890625 0.0359375
0 0.91328125 0.771875 0.02265625 0.0390625
0 0.22421875 0.7921875 0.025 0.04375
0 0.26484375 0.7703125 0.0171875 0.0328125
0 0.4796875 0.55859375 0.04375 0.04921875
0 0.1015625 0.6078125 0.025 0.03984375
0 0.84609375 0.86484375 0.0421875 0.06015625
0 0.6484375 0.5546875 0.0296875 0.046875
0 0.415625 0.6734375 0.04140625 0.06015625
0 0.87265625 0.4890625 0.0859375 0.1625
0 0.87890625 0.37890625 0.02734375 0.03515625
0 0.73359375 0.946875 0.02890625 0.03671875
0 0.93359375 0.13359375 0.02890625 0.03828125
0 0.7046875 0.30703125 0.040625 0.06484375
0 0.7890625 0.45546875 0.021875 0.040625
0 0.6 0.42890625 0.028125 0.04140625
0 0.58046875 0.12578125 0.03671875 0.0640625
0 0.096875 0.725 0.03359375 0.04296875
0 0.5609375 0.39296875 0.04140625 0.04921875
0 0.61640625 0.9765625 0.028125 0.03828125
0 0.7984375 0.14609375 0.034375 0.0671875
0 0.73203125 0.0390625 0.03203125 0.040625
0 0.82109375 0.353125 0.04453125 0.0484375
0 0.90859375 0.72265625 0.021875 0.0359375
0 0.93828125 0.73359375 0.0171875 0.0265625
0 0.04765625 0.69765625 0.0359375 0.040625
0 0.84375 0.6625 0.02421875 0.03203125
0 0.271875 0.396875 0.021875 0.04140625
0 0.9265625 0.6953125 0.02578125 0.0421875
0 0.871875 0.6703125 0.0265625 0.04296875
0 0.57109375 0.49140625 0.028125 0.0390625
0 0.07421875 0.56640625 0.0296875 0.0421875
0 0.759375 0.65234375 0.01953125 0.03828125
0 0.046875 0.9765625 0.0625 0.046875
0 0.78359375 0.94453125 0.034375 0.04765625
0 0.8765625 0.7046875 0.02421875 0.04140625
0 0.47578125 0.27890625 0.040625 0.05390625
0 0.9953125 0.26640625 0.00859375 0.0375
0 0.9890625 0.371875 0.0171875 0.0328125
0 0.8671875 0.92578125 0.02578125 0.0296875
0 0.3859375 0.9921875 0.00703125 0.00234375
0 0.05234375 0.8609375 0.034375 0.05546875
0 0.35390625 0.9828125 0.0171875 0.0296875
0 0.93828125 0.9671875 0.02421875 0.03671875
0 0.97421875 0.94453125 0.025 0.0453125
0 0.9890625 0.01875 0.02109375 0.0265625
0 0.55078125 0.4734375 0.06328125 0.08203125
0 0.009375 0.98515625 0.01015625 0.0171875
0 0.78984375 0.6953125 0.0453125 0.06875
0 0.55546875 0.859375 0.090625 0.0984375
0 0.0875 0.53359375 0.0359375 0.0609375
0 0.18046875 0.73125 0.02890625 0.04296875
0 0.35 0.753125 0.04140625 0.06875
0 0.3796875 0.8078125 0.04375 0.06953125
0 0.6625 0.95 0.04140625 0.1
0 0.71953125 0.8296875 0.0375 0.05546875
0 0.53984375 0.05390625 0.1125 0.09296875
0 0.83125 0.18203125 0.03515625 0.07578125
0 0.86171875 0.12890625 0.0234375 0.0359375