0 0.8796875 0.81015625 0.0203125 0.0328125
0 0.76171875 0.95234375 0.01875 0.028125
0 0.68828125 0.8640625 0.0203125 0.0328125
0 0.78828125 0.68828125 0.01875 0.028125
0 0.94765625 0.6953125 0.021875 0.0328125
0 0.80078125 0.5625 0.021875 0.0359375
0 0.76171875 0.4203125 0.021875 0.034375
0 0.878125 0.15546875 0.021875 0.0359375
0 0.9296875 0.759375 0.0234375 0.034375
0 0.85 0.9234375 0.034375 0.05625
0 0.8265625 0.94765625 0.025 0.0390625
0 0.97109375 0.596875 0.01875 0.0296875
0 0.95 0.6359375 0.021875 0.0375
0 0.75625 0.13828125 0.0265625 0.028125
0 0.72734375 0.1421875 0.0203125 0.034375
0 0.859375 0.03515625 0.01875 0.028125
0 0.6734375 0.20390625 0.015625 0.0328125
0 0.021875 0.55625 0.04375 0.059375
0 0.7125 0.04296875 0.0203125 0.0375
0 0.77421875 0.09140625 0.0171875 0.03125
0 0.24375 0.7015625 0.028125 0.040625
0 0.05 0.490625 0.03125 0.05
0 0.8453125 0.17265625 0.01875 0.03125
0 0.97890625 0.23984375 0.028125 0.034375
0 0.05234375 0.92734375 0.046875 0.0609375
0 0.0671875 0.09921875 0.0484375 0.0671875
0 0.825 0.9828125 0.01875 0.028125
0 0.78984375 0.0078125 0.0171875 0.0125
0 0.27265625 0.3734375 0.053125 0.065625
0 0.6234375 0.74765625 0.04375 0.0515625
0 0.95703125 0.94609375 0.03125 0.053125
0 0.7390625 0.77734375 0.0328125 0.0375
0 0.9921875 0.41953125 0.015625 0.0390625
0 0.9015625 0.353125 0.025 0.040625
0 0.6203125 0.01171875 0.0234375 0.0234375
0 0.18203125 0.4234375 0.028125 0.05
0 0.3609375 0.5203125 0.028125 0.0359375
0 0.08671875 0.228125 0.021875 0.0390625
0 0.77578125 0.2078125 0.025 0.04375
0 0.73515625 0.2296875 0.0171875 0.0328125
0 0.5203125 0.44140625 0.04375 0.05
0 0.8984375 0.3921875 0.025 0.040625
0 0.15390625 0.13515625 0.0421875 0.0609375
0 0.3515625 0.4453125 0.0296875 0.046875
0 0.584375 0.3265625 0.040625 0.059375
0 0.12734375 0.5109375 0.0859375 0.1625
0 0.12109375 0.62109375 0.028125 0.034375
0 0.26640625 0.053125 0.028125 0.0375
0 0.06640625 0.86640625 0.028125 0.0375
0 0.2953125 0.69296875 0.040625 0.065625
0 0.2109375 0.54453125 0.021875 0.040625
0 0.4 0.57109375 0.028125 0.040625
0 0.41953125 0.87421875 0.0375 0.0640625
0 0.903125 0.275 0.034375 0.04375
0 0.4390625 0.60703125 0.040625 0.05
0 0.38359375 0.0234375 0.028125 0.0375
0 0.2015625 0.85390625 0.034375 0.0671875
0 0.26796875 0.9609375 0.03125 0.040625
0 0.17890625 0.646875 0.04375 0.0484375
0 0.09140625 0.27734375 0.021875 0.0359375
0 0.06171875 0.26640625 0.0171875 0.0265625
0 0.95234375 0.30234375 0.0359375 0.040625
0 0.15625 0.3375 0.025 0.03125
0 0.728125 0.603125 0.021875 0.040625
0 0.0734375 0.3046875 0.025 0.0421875
0 0.128125 0.3296875 0.0265625 0.04375
0 0.42890625 0.50859375 0.028125 0.0390625
0 0.92578125 0.43359375 0.0296875 0.0421875
0 0.240625 0.34765625 0.01875 0.0375
0 0.953125 0.0234375 0.0625 0.046875
0 0.21640625 0.05546875 0.034375 0.046875
0 0.1234375 0.2953125 0.025 0.040625
0 0.52421875 0.72109375 0.040625 0.053125
0 0.0046875 0.73359375 0.009375 0.0375
0 0.0109375 0.628125 0.0171875 0.0328125
0 0.1328125 0.07421875 0.025 0.0296875
0 0.6140625 0.0078125 0.00625 0.003125
0 0.94765625 0.1390625 0.034375 0.05625
0 0.64609375 0.0171875 0.0171875 0.0296875
0 0.06171875 0.0328125 0.025 0.0375
0 0.02578125 0.05546875 0.025 0.0453125
0 0.0109375 0.98125 0.021875 0.0265625
0 0.44921875 0.5265625 0.0625 0.08125
0 0.990625 0.01484375 0.009375 0.0171875
0 0.21015625 0.3046875 0.0453125 0.06875
0 0.44453125 0.140625 0.090625 0.0984375
0 0.9125 0.46640625 0.0359375 0.0609375
0 0.81953125 0.26875 0.028125 0.04375
0 0.65 0.246875 0.040625 0.06875
0 0.6203125 0.1921875 0.04375 0.06875
0 0.3375 0.05 0.040625 0.1
0 0.28046875 0.1703125 0.0375 0.05625
0 0.46015625 0.94609375 0.1125 0.09375
0 0.16875 0.81796875 0.034375 0.075
0 0.13828125 0.87109375 0.0234375 0.0359375