0 0.01953125 0.1578125 0.02734375 0.06640625
0 0.09140625 0.0515625 0.04375 0.06875
0 0.15859375 0.10078125 0.01953125 0.0453125
0 0.22109375 0.121875 0.01640625 0.0453125
0 0.2390625 0.096875 0.021875 0.05078125
0 0.2546875 0.06875 0.03125 0.04375
0 0.21015625 0.271875 0.01640625 0.0453125
0 0.24765625 0.3171875 0.01953125 0.0359375
0 0.253125 0.26640625 0.01875 0.040625
0 0.28125 0.1640625 0.02734375 0.06015625
0 0.128125 0.321875 0.0265625 0.0703125
0 0.159375 0.28359375 0.04453125 0.05625
0 0.16953125 0.3390625 0.01796875 0.04140625
0 0.18828125 0.365625 0.01640625 0.04296875
0 0.2328125 0.4859375 0.040625 0.03515625
0 0.20859375 0.5953125 0.01875 0.04140625
0 0.22578125 0.56328125 0.02265625 0.0328125
0 0.284375 0.44375 0.015625 0.03515625
0 0.05390625 0.42734375 0.03203125 0.03828125
0 0.06328125 0.62734375 0.021875 0.0421875
0 0.03671875 0.5125 0.0328125 0.053125
0 0.38046875 0.0453125 0.0359375 0.05546875
0 0.42734375 0.18046875 0.046875 0.06484375
0 0.528125 0.22578125 0.03515625 0.0421875
0 0.50234375 0.2734375 0.03828125 0.05625
0 0.4734375 0.31875 0.03984375 0.07890625
0 0.5 0.33125 0.02109375 0.0546875
0 0.56328125 0.346875 0.05 0.05625
0 0.5390625 0.40078125 0.0328125 0.05546875
0 0.49453125 0.4109375 0.03515625 0.0765625
0 0.44140625 0.51484375 0.04921875 0.04375
0 0.228125 0.8578125 0.02421875 0.03203125
0 0.01796875 0.57265625 0.02734375 0.0421875
0 0.04375 0.56015625 0.0234375 0.02890625
0 0.01171875 0.51484375 0.01484375 0.0359375
0 0.678125 0.6640625 0.0453125 0.0546875
0 0.61328125 0.796875 0.0453125 0.053125
0 0.590625 0.83046875 0.04453125 0.05546875
0 0.065625 0.81875 0.0375 0.04296875
0 0.00703125 0.734375 0.0140625 0.046875
0 0.021875 0.78515625 0.021875 0.03671875
0 0.0296875 0.93671875 0.025 0.0296875
0 0.1625 0.9875 0.01875 0.0234375
0 0.1765625 0.9703125 0.0203125 0.02578125
0 0.25703125 0.98671875 0.02421875 0.0265625
0 0.28828125 0.9890625 0.0171875 0.021875
0 0.76640625 0.2703125 0.06640625 0.15
0 0.70546875 0.17578125 0.034375 0.0515625
0 0.96328125 0.45625 0.0421875 0.07109375
0 0.9421875 0.496875 0.025 0.02890625
0 0.934375 0.44609375 0.01875 0.03828125
0 0.8609375 0.759375 0.03984375 0.06875
0 0.8796875 0.85859375 0.040625 0.06484375
0 0.821875 0.8078125 0.0234375 0.046875
0 0.8328125 0.5609375 0.0390625 0.0359375
0 0.8640625 0.5578125 0.0265625 0.04765625
0 0.89609375 0.58984375 0.0203125 0.03203125
0 0.9703125 0.6578125 0.05859375 0.07109375
0 0.9609375 0.58515625 0.0296875 0.05078125
0 0.09140625 0.0375 0.03125 0.0578125
0 0.01796875 0.1484375 0.03125 0.046875
0 0.209375 0.271875 0.02109375 0.03046875
0 0.18671875 0.3640625 0.0171875 0.028125
0 0.24140625 0.09453125 0.0203125 0.03671875
0 0.01328125 0.5140625 0.01640625 0.0296875
0 0.2796875 0.16171875 0.0203125 0.034375
0 0.24921875 0.2625 0.0171875 0.03046875
0 0.24765625 0.31328125 0.0171875 0.02890625
0 0.2125 0.5953125 0.0140625 0.0265625
0 0.25625 0.06953125 0.01640625 0.03046875
0 0.22265625 0.10546875 0.01484375 0.028125
0 0.84375 0.5578125 0.05859375 0.04296875
0 0.48046875 0.3171875 0.04375 0.065625
0 0.4046875 0.78828125 0.01484375 0.0265625
0 0.22421875 0.7578125 0.01796875 0.0296875
0 0.11796875 0.76015625 0.01796875 0.03046875
0 0.134375 0.90703125 0.02265625 0.03125
0 0.5515625 0.48046875 0.04609375 0.065625
0 0.46640625 0.77421875 0.0375 0.04296875
0 0.79453125 0.921875 0.034375 0.0421875
0 0.775 0.4421875 0.03828125 0.053125
0 0.4921875 0.58125 0.04140625 0.04921875
0 0.66875 0.79921875 0.0359375 0.05546875
0 0.28984375 0.7421875 0.02265625 0.03515625
0 0.89609375 0.49453125 0.0453125 0.040625
0 0.653125 0.53125 0.0359375 0.05078125
0 0.96015625 0.8296875 0.0203125 0.0296875
0 0.6546875 0.87421875 0.0234375 0.03671875
0 0.7296875 0.89375 0.04453125 0.04140625
0 0.84296875 0.63515625 0.02578125 0.04375
0 0.4796875 0.96796875 0.03984375 0.04453125
0 0.94765625 0.24375 0.028125 0.040625
0 0.7671875 0.65625 0.0171875 0.028125
0 0.784375 0.834375 0.025 0.03359375
0 0.7640625 0.2921875 0.04140625 0.05625
0 0.94453125 0.0390625 0.02265625 0.03671875
0 0.71796875 0.78671875 0.0328125 0.03984375
0 0.80625 0.08046875 0.0578125 0.05078125
0 0.62421875 0.8875 0.02578125 0.0375
0 0.83671875 0.13984375 0.03671875 0.05859375
0 0.60234375 0.55625 0.03359375 0.03671875
0 0.903125 0.43671875 0.03046875 0.03203125
0 0.7515625 0.2203125 0.02734375 0.04921875
0 0.9875 0.221875 0.0203125 0.04296875
0 0.8859375 0.91953125 0.04453125 0.04921875
0 0.8171875 0.32421875 0.02578125 0.03515625
0 0.3875 0.97578125 0.0421875 0.04375
0 0.628125 0.6484375 0.02734375 0.03515625
0 0.94375 0.31875 0.01796875 0.0265625
0 0.91796875 0.09140625 0.0328125 0.0515625
0 0.9796875 0.92421875 0.03828125 0.0515625
0 0.9625 0.13828125 0.05859375 0.0625
0 0.8875 0.296875 0.0296875 0.03359375
0 0.48671875 0.63203125 0.05 0.04609375
0 0.7921875 0.14375 0.02109375 0.03359375
0 0.92734375 0.17890625 0.05 0.04609375
0 0.90078125 0.2625 0.02109375 0.03984375
0 0.9875 0.10234375 0.025 0.0515625
0 0.9953125 0.43359375 0.00859375 0.028125
0 0.93203125 0.984375 0.0328125 0.03125
0 0.9953125 0.8109375 0.00859375 0.02578125
0 0.5296875 0.03359375 0.0765625 0.0578125
0 0.53984375 0.9921875 0.0296875 0.015625