0 0.2234375 0.1140625 0.01953125 0.0328125
0 0.1625 0.384375 0.01796875 0.0328125
0 0.24765625 0.1796875 0.01875 0.03046875
0 0.40390625 0.16171875 0.0453125 0.04765625
0 0.25 0.3703125 0.0203125 0.03125
0 0.18125 0.15859375 0.0171875 0.03046875
0 0.39921875 0.41171875 0.015625 0.02421875
0 0.19453125 0.9859375 0.021875 0.0265625
0 0.22265625 0.2484375 0.01484375 0.02734375
0 0.12890625 0.6234375 0.01875 0.03125
0 0.01796875 0.6828125 0.025 0.03671875
0 0.28671875 0.37265625 0.0234375 0.0328125
0 0.2203125 0.85234375 0.02265625 0.03515625
0 0.1 0.67578125 0.021875 0.02890625
0 0.1359375 0.92265625 0.0203125 0.03125
0 0.3296875 0.778125 0.01484375 0.028125
0 0.7078125 0.19296875 0.0375 0.06953125
0 0.56875 0.5765625 0.03359375 0.05703125
0 0.23046875 0.67578125 0.025 0.04140625
0 0.2625 0.84296875 0.0171875 0.025
0 0.41015625 0.87578125 0.04453125 0.04765625
0 0.67265625 0.96875 0.0296875 0.03984375
0 0.43515625 0.3234375 0.0359375 0.06328125
0 0.028125 0.31640625 0.0234375 0.040625
0 0.08046875 0.2296875 0.03984375 0.06015625
0 0.81328125 0.78828125 0.021875 0.02734375
0 0.9578125 0.92109375 0.01953125 0.02734375
0 0.025 0.06796875 0.03046875 0.046875
0 0.50078125 0.27578125 0.04765625 0.03984375
0 0.67734375 0.559375 0.02109375 0.046875
0 0.5546875 0.18828125 0.0453125 0.04765625
0 0.7734375 0.53984375 0.0375 0.053125
0 0.7625 0.9125 0.02265625 0.028125
0 0.75078125 0.7390625 0.05078125 0.05390625
0 0.0234375 0.58046875 0.028125 0.03984375
0 0.28125 0.11640625 0.03046875 0.04765625
0 0.7125 0.32890625 0.0328125 0.05859375
0 0.87578125 0.60625 0.02265625 0.0328125
0 0.503125 0.40234375 0.04765625 0.046875
0 0.90625 0.91484375 0.021875 0.03515625
0 0.87109375 0.29296875 0.03203125 0.08203125
0 0.46796875 0.64140625 0.0359375 0.04375
0 0.79140625 0.91953125 0.01640625 0.0265625
0 0.9890625 0.2671875 0.021875 0.04296875
0 0.6546875 0.91171875 0.0265625 0.03046875
0 0.046875 0.4046875 0.03125 0.0375
0 0.93515625 0.50625 0.021875 0.03359375
0 0.009375 0.83828125 0.01484375 0.0296875
0 0.59453125 0.0921875 0.04609375 0.07578125
0 0.92421875 0.746875 0.03046875 0.0546875
0 0.8859375 0.78125 0.0171875 0.02421875
0 0.41328125 0.728125 0.04765625 0.0625
0 0.62734375 0.75078125 0.02734375 0.0390625
0 0.834375 0.61171875 0.03515625 0.040625
0 0.4578125 0.01953125 0.04375 0.0390625
0 0.6890625 0.47265625 0.03359375 0.04765625
0 0.21875 0.80703125 0.021875 0.0375
0 0.640625 0.50546875 0.0375 0.0484375
0 0.9265625 0.6640625 0.03671875 0.053125
0 0.88203125 0.5328125 0.04296875 0.053125
0 0.6296875 0.3015625 0.03515625 0.0421875
0 0.8703125 0.0609375 0.01875 0.03671875
0 0.64453125 0.84296875 0.03046875 0.0328125
0 0.825 0.1109375 0.04921875 0.05546875
0 0.46875 0.10703125 0.05078125 0.04375
0 0.16015625 0.8390625 0.04921875 0.04765625
0 0.49375 0.69921875 0.04921875 0.0671875
0 0.97578125 0.15703125 0.04609375 0.0453125
0 0.80078125 0.7109375 0.0234375 0.03515625
0 0.7921875 0.25390625 0.03359375 0.040625
0 0.9328125 0.87265625 0.01640625 0.025
0 0.715625 0.8125 0.040625 0.04765625
0 0.55859375 0.8796875 0.05078125 0.0828125
0 0.03515625 0.26171875 0.04296875 0.059375
0 0.778125 0.7828125 0.02109375 0.0375
0 0.70234375 0.40390625 0.03359375 0.04375
0 0.25859375 0.6140625 0.03046875 0.0421875
0 0.98203125 0.58359375 0.034375 0.040625
0 0.96171875 0.66171875 0.01875 0.02421875
0 0.83203125 0.9515625 0.03125 0.0328125
0 0.88203125 0.87421875 0.03828125 0.0328125
0 0.6375 0.209375 0.028125 0.05
0 0.053125 0.26171875 0.01953125 0.0375
0 0.9171875 0.61953125 0.034375 0.04296875
0 0.9875 0.32890625 0.025 0.05078125
0 0.0640625 0.47578125 0.034375 0.06328125
0 0.990625 0.453125 0.01640625 0.028125
0 0.928125 0.128125 0.05390625 0.11484375
0 0.83671875 0.403125 0.0328125 0.040625
0 0.98203125 0.9609375 0.0359375 0.0375
0 0.70078125 0.71015625 0.03828125 0.0484375
0 0.01796875 0.4078125 0.0265625 0.0375
0 0.8265625 0.37265625 0.028125 0.03203125
0 0.82109375 0.28203125 0.01640625 0.0265625
0 0.18515625 0.54296875 0.040625 0.04375
0 0.81171875 0.028125 0.05078125 0.0546875
0 0.72265625 0.0484375 0.02890625 0.03828125
0 0.01953125 0.1515625 0.03359375 0.06328125
0 0.1453125 0.96328125 0.02578125 0.05390625
0 0.8578125 0.45859375 0.01796875 0.03984375
0 0.753125 0.0328125 0.03984375 0.059375
0 0.9421875 0.57109375 0.0421875 0.05703125
0 0.83671875 0.9859375 0.02109375 0.02734375
0 0.05078125 0.971875 0.0609375 0.05625
0 0.125 0.0140625 0.0375 0.028125
0 0.25546875 0.01484375 0.028125 0.0203125